-------[ 2017-03-01 00:00:00 -0500 ]

L.prl2.detmap =
    3  18   0  15
    3  20  34  34
    3  19  32  47
    3  20  35  35
L.prl2.position = -0.11  0.015  4.77
L.prl2.size = 1.275  0.325  0.15
L.prl2.ncols = 2
L.prl2.nrows = 17
L.prl2.xy = 1.15  0.1625
L.prl2.dxdy = -0.15  -0.325
L.prl2.emin = 11
L.prl2.pedestals =
       444.124
       504.956
       503.058
       282.413
       356.458
       570.249
       419.131
       502.461
       390.757
       324.434
       383.034
       473.697
       539.847
       518.885
       477.942
       563.421
       296.678
       536.287
       538.917
       495.557
       503.811
        574.79
       494.037
       543.363
       536.072
       498.253
       500.804
       536.619
        499.42
       614.969
       551.979
        533.45
       584.087
       241.494



L.prl2.gains =
       1.379798077
       1.455730769
       1.40043
       1.35348
       1.52871
       1.23818
       1.31911
       1.33917
       1.43667
       1.35867
       1.43194
       1.1844
       1.33797
       1.34819
       1.20164
       1.45786
       1.69609
       1.513548077
       1.497490385
       1.51797
       1.33512
       1.4636
       1.3638
       1.53959
       1.35189
       1.5261
       1.41538
       1.21051
       1.29196
       1.34885
       1.12455
       1.7253
       1.377
       1.26549
       