--------[ 2017-03-01 00:00:00 -0500 ]

L.prl1.detmap =
    3  20   0  15
    3  20  32  32
    3  18  32  47
    3  20  33  33
L.prl1.position = -0.2  0  4.58
L.prl1.size = 1.254  0.325  0.1475
L.prl1.ncols = 2
L.prl1.nrows = 17
L.prl1.xy = 1.18  0.1625
L.prl1.dxdy = -0.1475  -0.325
L.prl1.emin = 11
L.prl1.pedestals =
       301.897
       303.603
       230.999
       269.307
       389.711
       307.927
       347.245
       330.983
       364.238
       319.791
       339.067
       277.666
       347.933
       248.064
       289.475
       422.391
         251.4
       368.161
       360.237
       284.911
       336.739
         606.1
       440.367
       511.197
       547.866
       481.428
       312.799
       511.588
       329.538
       497.266
       427.506
       475.918
       482.639
       319.482

L.prl1.gains =
       1.346182692
       1.239576923
       1.1476
       1.08539
       1.19682
       1.11614
       1.03488
       1.05643
       1.07977
       1.19782
       1.17126
       1.12803
       1.16724
       1.08883
       1.08738
       1.12933
       2.11499
       1.335884615
       1.202105769
       1.49535
       1.08018
       1.10668
       1.34481
       1.33237
       1.10327
       1.13862
       1.07494
       1.18778
       1.11928
       1.12333
       1.03027
       1.02829
       1.22735
       1.67703